5
5
7
5
74
5000
3

5
300
100
7000

4994 4879 5039 5144 5042

500 500 500 100 500

2 2 2 2 2

0 0 0 0 0

20 12 7 5 2

10 5 6 12 2

8  9  7  7  6  11  6
11 12 11 16 7  8  10
 6  5  4  8  7  8  6
 6  6  6  6  6  6  6
 8  9  10 12 10 7  8

 17 	23	6 	6 	1
 17 	23	6 	6 	1
 17 	23	6 	6 	1
 17 	23	6 	6 	1
 17 	23	6 	6 	1

1 1 1 1 1 1 1
1 1 1 1 1 1 1
1 1 1 1 1 1 1
1 1 1 1 1 1 1
1 1 1 1 1 1 1

40	73
62	29
67	1
86	94
1	54
66	31
45	27
12	35
57	88
44	59
24	35
