5
5
7
5
76
5000
15

5
300
100
5000

8212 8241 8434 8339 7543

100 100 100 100 500

2 2 2 2 2

0 0 0 0 0

25 15 10 5 2

10 5 10 25 8

10  8  9  9  9  9  8
12 12  12 14 16 12 15
8  12  12 15 13 12 10
5  10  10 12 10 7  8
7  8   9  6  7  7  6

1 1 1 1 1 1 1
1 1 1 1 1 1 1
1 1 1 1 1 1 1
1 1 1 1 1 1 1
1 1 1 1 1 1 1
1 1 1 1 1 1 1
1 1 1 1 1 1 1
1 1 1 1 1 1 1
1 1 1 1 1 1 1
1 1 1 1 1 1 1

38	99
31	67
60	59
26	33
90	27
14	58
34	88
14	33
41	67
62	90
74	10
