15
5
5
15
41
5000
30

5
300
100
5000


8413 8250 7714 8007 7927

100 500 500 100 100

2 2 2 2 2 2 2 2 2 2 2 2 2 2 2

0 0 0 0 0

20 12 7 5 21 30 30 15 13 15 10 5 6 10 10

10 7 14 13 11

17  12  14  13  9  7  24
 10  11  9  9  11  11  23
 0  8  7  12  3  13  12
 8  8  10  4  7  7  13
 10  4  8  3  8  9  18
 10  8  11  9  12  12  24
 6  8  8  8  9  9  16
 10  10  10  10  10  12  19
 15  12  13  16  12  17  26
 9  12  5  5  19  12  27
 11  6  6  6  3  10  11
 7  7  3  6  5  6  14
 7  9  10  11  8  11  18
 13  11  9  12  6  11  21
 10  9  10  9  12  15  23

 1 1 1 1 1
 1 1 1 1 1
 1 1 1 1 1
 1 1 1 1 1
 1 1 1 1 1
 1 1 1 1 1
 1 1 1 1 1
 1 1 1 1 1
 1 1 1 1 1
 1 1 1 1 1
 1 1 1 1 1
 1 1 1 1 1
 1 1 1 1 1
 1 1 1 1 1
 1 1 1 1 1

 1 1 1 1 1
 1 1 1 1 1
 1 1 1 1 1
 1 1 1 1 1
 1 1 1 1 1

28	19
77	60
95	63
57	42
87	88
0	43
65	5
95	13
40	79
30	30
71	35
96	39
88	98
62	41
10	7
13	90
78	42
2	73
5	60
16	92
0	68
