
Dans ces exemples de generations de routes, on considère 1 usine, 3 depôts et 5 clients avec :
RMAX = 50
nombre total de routes possibles = 87

- Chaque ligne represente une route
- Une route passe par des sites ou clients (valeur à 1 si oui et 0 sinon)
- le rang du site (client) sur la route est observable entre parenthèse
- la dernière case contient le coût de la route qui vaut la distance totale multiplié cout par km


Routes « Short »

Depot		client1	client2	client3	client4	client5	coût

Depot 1		1 (2)	0 (0)	0 (0)	0 (0)	0 (0)	200.998
Depot 1		0 (0)	1 (2)	0 (0)	0 (0)	0 (0)	10.000
Depot 1		0 (0)	0 (0)	1 (2)	0 (0)	0 (0)	10.000
Depot 1		0 (0)	0 (0)	0 (0)	1 (2)	0 (0)	31.623
Depot 1		0 (0)	0 (0)	0 (0)	0 (0)	1 (2)	36.056
Depot 2		1 (2)	0 (0)	0 (0)	0 (0)	0 (0)	177.200
Depot 2		0 (0)	1 (2)	0 (0)	0 (0)	0 (0)	50.000
Depot 2		0 (0)	0 (0)	1 (2)	0 (0)	0 (0)	36.056
Depot 2		0 (0)	0 (0)	0 (0)	1 (2)	0 (0)	20.000
Depot 2		0 (0)	0 (0)	0 (0)	0 (0)	1 (2)	10.000
Depot 3		1 (2)	0 (0)	0 (0)	0 (0)	0 (0)	141.421
Depot 3		0 (0)	1 (2)	0 (0)	0 (0)	0 (0)	60.828
Depot 3		0 (0)	0 (0)	1 (2)	0 (0)	0 (0)	60.828
Depot 3		0 (0)	0 (0)	0 (0)	1 (2)	0 (0)	58.310
Depot 3		0 (0)	0 (0)	0 (0)	0 (0)	1 (2)	50.000
Depot 1		1 (2)	1 (3)	0 (0)	0 (0)	0 (0)	205.624
Depot 2		1 (2)	1 (3)	0 (0)	0 (0)	0 (0)	213.725
Depot 2		1 (2)	0 (0)	1 (3)	0 (0)	0 (0)	207.747
Depot 2		1 (2)	0 (0)	0 (0)	1 (3)	0 (0)	196.835
Depot 2		1 (2)	0 (0)	0 (0)	0 (0)	1 (3)	187.008
Depot 1		0 (0)	1 (2)	1 (3)	0 (0)	0 (0)	20.000
Depot 2		0 (0)	1 (2)	1 (3)	0 (0)	0 (0)	53.028
Depot 2		0 (0)	1 (2)	0 (0)	1 (3)	0 (0)	55.616
Depot 2		0 (0)	1 (2)	0 (0)	0 (0)	1 (3)	52.361
Depot 1		0 (0)	1 (2)	0 (0)	1 (3)	0 (0)	41.427
Depot 2		0 (0)	0 (0)	1 (2)	1 (3)	0 (0)	39.208
Depot 2		0 (0)	0 (0)	1 (2)	0 (0)	1 (3)	37.170
Depot 1		0 (0)	1 (2)	0 (0)	0 (0)	1 (3)	45.388
Depot 2		0 (0)	0 (0)	0 (0)	1 (2)	1 (3)	20.000
Depot 1		1 (2)	0 (0)	1 (3)	0 (0)	0 (0)	206.617
Depot 1		0 (0)	0 (0)	1 (2)	1 (3)	0 (0)	31.992
Depot 3		1 (2)	1 (3)	0 (0)	0 (0)	0 (0)	201.249
Depot 3		1 (2)	0 (0)	1 (3)	0 (0)	0 (0)	202.243
Depot 3		1 (2)	0 (0)	0 (0)	1 (3)	0 (0)	198.100
Depot 3		1 (2)	0 (0)	0 (0)	0 (0)	1 (3)	189.118
Depot 1		0 (0)	0 (0)	1 (2)	0 (0)	1 (3)	37.170
Depot 3		0 (0)	1 (2)	1 (3)	0 (0)	0 (0)	70.828
Depot 3		0 (0)	1 (2)	0 (0)	1 (3)	0 (0)	80.184
Depot 3		0 (0)	1 (2)	0 (0)	0 (0)	1 (3)	77.774
Depot 1		1 (2)	0 (0)	0 (0)	1 (3)	0 (0)	214.545
Depot 3		0 (0)	0 (0)	1 (2)	1 (3)	0 (0)	70.749
Depot 3		0 (0)	0 (0)	1 (2)	0 (0)	1 (3)	69.556
Depot 1		0 (0)	0 (0)	0 (0)	1 (2)	1 (3)	38.839
Depot 3		0 (0)	0 (0)	0 (0)	1 (2)	1 (3)	59.155
Depot 1		1 (3)	0 (0)	0 (0)	0 (0)	1 (2)	211.934
Depot 1		0 (0)	1 (4)	1 (2)	0 (0)	1 (3)	46.503
Depot 2		0 (0)	0 (0)	1 (4)	1 (3)	1 (2)	39.208
Depot 1		0 (0)	1 (4)	0 (0)	1 (2)	1 (3)	48.172
Depot 1		1 (4)	0 (0)	1 (2)	0 (0)	1 (3)	213.049
Depot 1		1 (4)	0 (0)	0 (0)	1 (2)	1 (3)	214.718



valuer economique  (min cout) = 454.436304


Routes « Long»

Depot		client1	client2	client3	client4	client5	coût

Depot 1		1 (5)	1 (6)	1 (2)	1 (3)	1 (4)	219.713
Depot 2		1 (2)	1 (3)	1 (4)	1 (5)	1 (6)	219.905
Depot 3		1 (6)	1 (2)	1 (3)	1 (4)	1 (5)	220.713
Depot 1		0 (0)	1 (5)	1 (2)	1 (3)	1 (4)	48.541
Depot 2		1 (5)	1 (4)	1 (3)	1 (2)	0 (0)	219.905
Depot 2		1 (2)	1 (3)	1 (4)	0 (0)	1 (5)	217.867
Depot 1		1 (3)	1 (2)	1 (5)	0 (0)	1 (4)	217.675
Depot 2		0 (0)	1 (5)	1 (4)	1 (3)	1 (2)	56.180
Depot 3		1 (5)	1 (2)	1 (3)	1 (4)	0 (0)	220.539
Depot 3		1 (5)	1 (2)	1 (3)	0 (0)	1 (4)	218.674
Depot 1		1 (4)	1 (5)	1 (2)	1 (3)	0 (0)	219.540
Depot 3		0 (0)	1 (5)	1 (4)	1 (3)	1 (2)	81.594
Depot 1		1 (4)	0 (0)	1 (2)	1 (3)	0 (0)	214.914
Depot 1		0 (0)	0 (0)	1 (4)	1 (3)	1 (2)	39.208
Depot 2		1 (2)	1 (3)	1 (4)	0 (0)	0 (0)	216.753
Depot 2		1 (2)	1 (3)	0 (0)	1 (4)	0 (0)	219.341
Depot 2		1 (2)	1 (3)	0 (0)	0 (0)	1 (4)	216.086
Depot 2		1 (2)	0 (0)	1 (3)	1 (4)	0 (0)	210.899
Depot 2		1 (2)	0 (0)	1 (3)	0 (0)	1 (4)	208.861
Depot 2		1 (2)	0 (0)	0 (0)	1 (3)	1 (4)	196.835
Depot 1		1 (4)	0 (0)	1 (2)	0 (0)	1 (3)	213.049
Depot 1		1 (4)	0 (0)	0 (0)	1 (2)	1 (3)	214.718
Depot 1		1 (3)	1 (4)	1 (2)	0 (0)	0 (0)	211.244
Depot 2		0 (0)	1 (4)	1 (3)	1 (2)	0 (0)	56.180
Depot 2		0 (0)	1 (2)	1 (3)	0 (0)	1 (4)	54.142
Depot 2		0 (0)	1 (2)	0 (0)	1 (3)	1 (4)	55.616
Depot 1		1 (3)	1 (4)	0 (0)	1 (2)	0 (0)	219.171
Depot 2		0 (0)	0 (0)	1 (4)	1 (3)	1 (2)	39.208
Depot 3		1 (2)	1 (3)	1 (4)	0 (0)	0 (0)	211.249
Depot 3		1 (4)	1 (2)	0 (0)	1 (3)	0 (0)	219.974
Depot 3		1 (4)	1 (2)	0 (0)	0 (0)	1 (3)	216.893
Depot 3		1 (4)	0 (0)	1 (2)	1 (3)	0 (0)	210.539
Depot 3		1 (4)	0 (0)	1 (2)	0 (0)	1 (3)	208.674
Depot 3		1 (4)	0 (0)	0 (0)	1 (2)	1 (3)	198.273
Depot 1		1 (3)	1 (4)	0 (0)	0 (0)	1 (2)	216.560
Depot 1		0 (0)	1 (4)	1 (2)	1 (3)	0 (0)	41.796
Depot 1		0 (0)	1 (4)	1 (2)	0 (0)	1 (3)	46.503
Depot 3		0 (0)	1 (4)	1 (3)	1 (2)	0 (0)	80.749
Depot 3		0 (0)	1 (4)	1 (3)	0 (0)	1 (2)	79.556
Depot 3		0 (0)	1 (2)	0 (0)	1 (3)	1 (4)	81.029
Depot 1		0 (0)	1 (4)	0 (0)	1 (2)	1 (3)	48.172
Depot 3		0 (0)	0 (0)	1 (2)	1 (3)	1 (4)	71.594
Depot 2		1 (2)	0 (0)	1 (3)	0 (0)	0 (0)	207.747
Depot 2		1 (2)	0 (0)	0 (0)	1 (3)	0 (0)	196.835
Depot 2		0 (0)	0 (0)	1 (2)	1 (3)	0 (0)	39.208
Depot 2		0 (0)	0 (0)	1 (2)	0 (0)	1 (3)	37.170
Depot 2		1 (2)	0 (0)	0 (0)	0 (0)	1 (3)	187.008
Depot 2		0 (0)	0 (0)	0 (0)	1 (2)	1 (3)	20.000
Depot 3		1 (2)	1 (3)	0 (0)	0 (0)	0 (0)	201.249
Depot 3		1 (2)	0 (0)	1 (3)	0 (0)	0 (0)	202.243



valuer economique (min cout) = 428.113584



Routes « Random»

Depot		client1	client2	client3	client4	client5	coût

Depot 1		0 (0)	0 (0)	1 (2)	0 (0)	0 (0)	10.000
Depot 3		1 (2)	1 (3)	1 (4)	0 (0)	0 (0)	211.249
Depot 1		1 (2)	0 (0)	0 (0)	1 (3)	0 (0)	214.545
Depot 1		0 (0)	1 (5)	1 (2)	1 (3)	1 (4)	48.541
Depot 1		0 (0)	1 (2)	1 (3)	0 (0)	0 (0)	20.000
Depot 2		1 (2)	0 (0)	0 (0)	1 (3)	0 (0)	196.835
Depot 2		1 (2)	0 (0)	0 (0)	0 (0)	1 (3)	187.008
Depot 3		1 (4)	0 (0)	1 (2)	1 (3)	0 (0)	210.539
Depot 3		0 (0)	0 (0)	1 (2)	0 (0)	1 (3)	69.556
Depot 1		0 (0)	1 (2)	0 (0)	0 (0)	1 (3)	45.388
Depot 3		1 (4)	1 (2)	0 (0)	0 (0)	1 (3)	216.893
Depot 2		0 (0)	1 (2)	1 (3)	0 (0)	0 (0)	53.028
Depot 1		1 (5)	1 (6)	1 (2)	1 (3)	1 (4)	219.713
Depot 3		1 (2)	0 (0)	1 (3)	0 (0)	0 (0)	202.243
Depot 3		1 (4)	0 (0)	0 (0)	1 (2)	1 (3)	198.273
Depot 2		0 (0)	0 (0)	1 (4)	1 (3)	1 (2)	39.208
Depot 2		1 (2)	0 (0)	1 (3)	1 (4)	0 (0)	210.899
Depot 1		0 (0)	1 (2)	0 (0)	1 (3)	0 (0)	41.427
Depot 2		1 (2)	1 (3)	1 (4)	1 (5)	1 (6)	219.905
Depot 1		0 (0)	1 (4)	0 (0)	1 (2)	1 (3)	48.172
Depot 2		0 (0)	1 (2)	0 (0)	0 (0)	1 (3)	52.361
Depot 1		0 (0)	0 (0)	1 (4)	1 (3)	1 (2)	39.208
Depot 2		0 (0)	1 (4)	1 (3)	1 (2)	0 (0)	56.180
Depot 2		0 (0)	1 (2)	0 (0)	0 (0)	0 (0)	50.000
Depot 2		0 (0)	0 (0)	0 (0)	1 (2)	1 (3)	20.000
Depot 3		1 (5)	1 (2)	1 (3)	1 (4)	0 (0)	220.539
Depot 1		1 (3)	1 (2)	1 (5)	0 (0)	1 (4)	217.675
Depot 2		0 (0)	0 (0)	1 (2)	1 (3)	0 (0)	39.208
Depot 3		0 (0)	0 (0)	1 (2)	1 (3)	1 (4)	71.594
Depot 1		0 (0)	0 (0)	0 (0)	1 (2)	1 (3)	38.839
Depot 3		0 (0)	0 (0)	0 (0)	1 (2)	0 (0)	58.310
Depot 2		0 (0)	0 (0)	0 (0)	1 (2)	0 (0)	20.000
Depot 3		1 (2)	0 (0)	0 (0)	1 (3)	0 (0)	198.100
Depot 2		1 (2)	1 (3)	1 (4)	0 (0)	0 (0)	216.753
Depot 3		0 (0)	1 (2)	1 (3)	0 (0)	0 (0)	70.828
Depot 1		1 (3)	1 (4)	0 (0)	0 (0)	1 (2)	216.560
Depot 3		1 (5)	1 (2)	1 (3)	0 (0)	1 (4)	218.674
Depot 1		1 (2)	0 (0)	0 (0)	0 (0)	0 (0)	200.998
Depot 3		1 (2)	1 (3)	0 (0)	0 (0)	0 (0)	201.249
Depot 1		0 (0)	1 (4)	1 (2)	1 (3)	0 (0)	41.796
Depot 3		0 (0)	1 (4)	1 (3)	0 (0)	1 (2)	79.556
Depot 1		1 (2)	0 (0)	1 (3)	0 (0)	0 (0)	206.617
Depot 2		1 (2)	1 (3)	0 (0)	0 (0)	1 (4)	216.086
Depot 1		0 (0)	0 (0)	0 (0)	0 (0)	1 (2)	36.056
Depot 3		0 (0)	1 (2)	0 (0)	0 (0)	1 (3)	77.774
Depot 2		0 (0)	1 (2)	1 (3)	0 (0)	1 (4)	54.142
Depot 3		0 (0)	1 (4)	1 (3)	1 (2)	0 (0)	80.749
Depot 3		1 (2)	0 (0)	0 (0)	0 (0)	0 (0)	141.421
Depot 3		0 (0)	0 (0)	1 (2)	0 (0)	0 (0)	60.828
Depot 2		1 (2)	0 (0)	1 (3)	0 (0)	0 (0)	207.747


valuer economique (min cout) = 428.113584
