Depot 3		0 (0)	0 (0)	0 (0)	0 (0)	0 (0)	0 (0)	0 (0)	0 (0)	0 (0)	0 (0)	1 (4)	1 (3)	0 (0)	0 (0)	1 (2)	3367.149
Depot 1		0 (0)	0 (0)	0 (0)	0 (0)	0 (0)	0 (0)	1 (2)	0 (0)	0 (0)	0 (0)	1 (3)	0 (0)	0 (0)	0 (0)	0 (0)	2726.179
Depot 3		0 (0)	0 (0)	1 (3)	0 (0)	0 (0)	0 (0)	0 (0)	1 (2)	0 (0)	1 (4)	0 (0)	0 (0)	0 (0)	0 (0)	0 (0)	3283.857
Depot 5		0 (0)	1 (2)	0 (0)	0 (0)	0 (0)	0 (0)	0 (0)	1 (3)	0 (0)	0 (0)	0 (0)	0 (0)	0 (0)	0 (0)	0 (0)	2353.653
Depot 4		0 (0)	0 (0)	1 (4)	0 (0)	0 (0)	0 (0)	0 (0)	0 (0)	1 (2)	0 (0)	0 (0)	0 (0)	0 (0)	0 (0)	1 (3)	3029.731
Depot 3		0 (0)	0 (0)	1 (2)	1 (3)	0 (0)	0 (0)	1 (4)	0 (0)	0 (0)	0 (0)	0 (0)	0 (0)	0 (0)	0 (0)	0 (0)	3133.072
Depot 5		0 (0)	1 (3)	1 (5)	1 (4)	1 (2)	0 (0)	0 (0)	0 (0)	0 (0)	1 (6)	0 (0)	0 (0)	0 (0)	0 (0)	0 (0)	2500.410
Depot 4		0 (0)	0 (0)	0 (0)	0 (0)	0 (0)	0 (0)	0 (0)	1 (3)	1 (4)	1 (2)	1 (6)	0 (0)	1 (5)	0 (0)	0 (0)	2553.067
Depot 2		0 (0)	0 (0)	0 (0)	0 (0)	0 (0)	0 (0)	0 (0)	1 (2)	0 (0)	0 (0)	1 (3)	0 (0)	0 (0)	1 (4)	0 (0)	2294.680
Depot 2		0 (0)	0 (0)	0 (0)	1 (4)	0 (0)	1 (2)	1 (3)	0 (0)	0 (0)	0 (0)	0 (0)	0 (0)	0 (0)	0 (0)	0 (0)	2566.803
Depot 5		0 (0)	0 (0)	1 (4)	0 (0)	1 (2)	0 (0)	0 (0)	0 (0)	0 (0)	0 (0)	0 (0)	0 (0)	0 (0)	1 (3)	0 (0)	2456.411
Depot 4		0 (0)	0 (0)	0 (0)	0 (0)	0 (0)	0 (0)	0 (0)	0 (0)	0 (0)	1 (2)	0 (0)	0 (0)	1 (3)	1 (4)	0 (0)	1791.148
Depot 2		0 (0)	1 (4)	1 (2)	0 (0)	0 (0)	0 (0)	0 (0)	1 (3)	0 (0)	0 (0)	0 (0)	0 (0)	0 (0)	0 (0)	0 (0)	2373.807
Depot 2		0 (0)	0 (0)	0 (0)	0 (0)	0 (0)	1 (2)	0 (0)	0 (0)	1 (3)	0 (0)	0 (0)	1 (4)	0 (0)	0 (0)	0 (0)	2816.005
Depot 4		0 (0)	0 (0)	0 (0)	0 (0)	1 (4)	0 (0)	0 (0)	0 (0)	0 (0)	0 (0)	0 (0)	1 (2)	1 (3)	0 (0)	0 (0)	2281.666
Depot 3		0 (0)	0 (0)	0 (0)	0 (0)	0 (0)	0 (0)	0 (0)	1 (2)	0 (0)	0 (0)	0 (0)	1 (3)	0 (0)	0 (0)	0 (0)	3007.619
Depot 5		0 (0)	0 (0)	0 (0)	1 (4)	0 (0)	0 (0)	0 (0)	0 (0)	0 (0)	1 (3)	0 (0)	0 (0)	0 (0)	0 (0)	1 (2)	2972.372
Depot 2		0 (0)	0 (0)	0 (0)	0 (0)	1 (5)	1 (4)	1 (6)	1 (2)	0 (0)	0 (0)	1 (3)	0 (0)	0 (0)	0 (0)	0 (0)	3385.662
Depot 5		1 (3)	0 (0)	1 (4)	0 (0)	0 (0)	0 (0)	0 (0)	0 (0)	1 (2)	0 (0)	0 (0)	0 (0)	0 (0)	0 (0)	0 (0)	2537.113
Depot 4		0 (0)	0 (0)	0 (0)	0 (0)	0 (0)	0 (0)	0 (0)	0 (0)	1 (3)	0 (0)	0 (0)	1 (2)	0 (0)	1 (4)	0 (0)	2585.695
Depot 2		0 (0)	0 (0)	0 (0)	0 (0)	0 (0)	1 (3)	1 (2)	0 (0)	0 (0)	1 (4)	0 (0)	0 (0)	0 (0)	0 (0)	0 (0)	2645.890
Depot 1		0 (0)	0 (0)	0 (0)	0 (0)	0 (0)	0 (0)	0 (0)	0 (0)	0 (0)	0 (0)	0 (0)	1 (2)	0 (0)	0 (0)	1 (3)	2482.941
Depot 4		0 (0)	0 (0)	0 (0)	1 (6)	1 (3)	1 (4)	1 (2)	0 (0)	0 (0)	0 (0)	0 (0)	0 (0)	0 (0)	0 (0)	1 (5)	3711.166
Depot 3		0 (0)	1 (4)	0 (0)	0 (0)	1 (3)	0 (0)	0 (0)	0 (0)	0 (0)	0 (0)	0 (0)	1 (2)	0 (0)	0 (0)	0 (0)	2882.004
Depot 2		0 (0)	0 (0)	0 (0)	0 (0)	0 (0)	1 (3)	1 (4)	1 (2)	0 (0)	0 (0)	0 (0)	0 (0)	0 (0)	1 (5)	0 (0)	3269.528
Depot 4		0 (0)	0 (0)	0 (0)	0 (0)	0 (0)	0 (0)	1 (4)	0 (0)	0 (0)	0 (0)	0 (0)	1 (2)	0 (0)	1 (3)	0 (0)	1920.169
Depot 4		0 (0)	0 (0)	0 (0)	0 (0)	0 (0)	0 (0)	0 (0)	0 (0)	0 (0)	1 (2)	0 (0)	0 (0)	0 (0)	1 (3)	0 (0)	926.126
Depot 3		0 (0)	0 (0)	0 (0)	0 (0)	1 (4)	0 (0)	0 (0)	0 (0)	0 (0)	0 (0)	1 (2)	0 (0)	0 (0)	1 (3)	0 (0)	2218.498
Depot 1		0 (0)	1 (3)	0 (0)	0 (0)	0 (0)	0 (0)	1 (4)	0 (0)	0 (0)	0 (0)	0 (0)	0 (0)	1 (2)	0 (0)	0 (0)	2756.199
Depot 2		0 (0)	0 (0)	0 (0)	0 (0)	1 (3)	0 (0)	0 (0)	0 (0)	1 (2)	0 (0)	0 (0)	0 (0)	0 (0)	0 (0)	0 (0)	2047.996
Depot 4		1 (4)	1 (6)	1 (3)	1 (2)	0 (0)	0 (0)	0 (0)	0 (0)	0 (0)	0 (0)	1 (5)	0 (0)	0 (0)	0 (0)	0 (0)	2184.748
Depot 4		0 (0)	1 (4)	0 (0)	0 (0)	1 (3)	0 (0)	0 (0)	1 (2)	0 (0)	0 (0)	0 (0)	0 (0)	0 (0)	0 (0)	0 (0)	2229.627
Depot 3		0 (0)	0 (0)	0 (0)	0 (0)	0 (0)	0 (0)	0 (0)	0 (0)	1 (4)	0 (0)	1 (3)	0 (0)	0 (0)	1 (2)	0 (0)	2837.812
Depot 2		1 (4)	0 (0)	0 (0)	0 (0)	0 (0)	0 (0)	0 (0)	0 (0)	1 (3)	0 (0)	1 (2)	0 (0)	0 (0)	0 (0)	0 (0)	2075.709
Depot 3		0 (0)	0 (0)	0 (0)	0 (0)	0 (0)	0 (0)	0 (0)	0 (0)	0 (0)	0 (0)	1 (2)	1 (3)	0 (0)	0 (0)	0 (0)	2676.931
Depot 2		0 (0)	0 (0)	0 (0)	0 (0)	0 (0)	0 (0)	0 (0)	1 (4)	0 (0)	0 (0)	0 (0)	1 (2)	0 (0)	0 (0)	1 (3)	2256.899
Depot 5		1 (2)	0 (0)	0 (0)	0 (0)	0 (0)	0 (0)	0 (0)	0 (0)	0 (0)	0 (0)	0 (0)	1 (3)	0 (0)	0 (0)	0 (0)	2167.292
Depot 3		0 (0)	1 (4)	0 (0)	0 (0)	0 (0)	0 (0)	0 (0)	0 (0)	0 (0)	1 (3)	0 (0)	0 (0)	1 (2)	0 (0)	0 (0)	2376.983
Depot 2		0 (0)	1 (3)	0 (0)	0 (0)	0 (0)	0 (0)	0 (0)	0 (0)	0 (0)	0 (0)	1 (4)	0 (0)	0 (0)	1 (2)	0 (0)	1661.923
Depot 1		0 (0)	0 (0)	0 (0)	0 (0)	0 (0)	0 (0)	0 (0)	1 (2)	1 (4)	1 (5)	0 (0)	0 (0)	0 (0)	0 (0)	1 (3)	2855.354
Depot 4		0 (0)	0 (0)	0 (0)	0 (0)	0 (0)	0 (0)	1 (4)	0 (0)	1 (3)	1 (2)	0 (0)	0 (0)	0 (0)	0 (0)	0 (0)	2634.824
Depot 2		0 (0)	1 (3)	0 (0)	1 (4)	0 (0)	1 (2)	0 (0)	0 (0)	0 (0)	0 (0)	0 (0)	0 (0)	0 (0)	0 (0)	0 (0)	2194.044
Depot 1		0 (0)	0 (0)	1 (4)	0 (0)	1 (2)	1 (3)	0 (0)	0 (0)	0 (0)	0 (0)	0 (0)	0 (0)	0 (0)	0 (0)	0 (0)	2831.850
Depot 1		0 (0)	0 (0)	0 (0)	1 (4)	0 (0)	0 (0)	0 (0)	1 (3)	0 (0)	0 (0)	0 (0)	0 (0)	0 (0)	0 (0)	1 (2)	2842.113
Depot 3		0 (0)	0 (0)	0 (0)	0 (0)	0 (0)	0 (0)	0 (0)	0 (0)	0 (0)	1 (3)	1 (4)	0 (0)	0 (0)	0 (0)	1 (2)	3172.828
Depot 5		1 (3)	1 (2)	0 (0)	0 (0)	0 (0)	0 (0)	0 (0)	0 (0)	1 (4)	0 (0)	0 (0)	0 (0)	0 (0)	0 (0)	0 (0)	2521.351
Depot 4		0 (0)	0 (0)	1 (4)	0 (0)	1 (2)	0 (0)	0 (0)	0 (0)	0 (0)	0 (0)	0 (0)	1 (3)	0 (0)	0 (0)	0 (0)	1797.541
Depot 4		1 (4)	1 (2)	0 (0)	0 (0)	0 (0)	0 (0)	0 (0)	0 (0)	0 (0)	0 (0)	1 (3)	0 (0)	0 (0)	0 (0)	0 (0)	2027.382
Depot 1		0 (0)	0 (0)	0 (0)	0 (0)	0 (0)	1 (3)	1 (4)	0 (0)	0 (0)	0 (0)	0 (0)	0 (0)	0 (0)	0 (0)	1 (2)	4062.505
Depot 3		0 (0)	0 (0)	0 (0)	0 (0)	0 (0)	0 (0)	0 (0)	0 (0)	0 (0)	0 (0)	1 (2)	0 (0)	1 (3)	0 (0)	0 (0)	1187.824
Depot 2		0 (0)	0 (0)	0 (0)	0 (0)	0 (0)	0 (0)	0 (0)	0 (0)	0 (0)	1 (3)	0 (0)	1 (4)	0 (0)	1 (2)	0 (0)	1348.816
Depot 3		0 (0)	0 (0)	1 (3)	0 (0)	0 (0)	0 (0)	0 (0)	0 (0)	1 (2)	1 (4)	0 (0)	0 (0)	0 (0)	0 (0)	0 (0)	3158.269
Depot 5		0 (0)	0 (0)	0 (0)	1 (2)	0 (0)	0 (0)	0 (0)	0 (0)	0 (0)	0 (0)	0 (0)	0 (0)	1 (3)	0 (0)	0 (0)	1973.891
Depot 2		1 (4)	0 (0)	0 (0)	0 (0)	1 (3)	0 (0)	1 (2)	0 (0)	0 (0)	0 (0)	0 (0)	0 (0)	0 (0)	0 (0)	0 (0)	1730.757
Depot 1		0 (0)	1 (2)	0 (0)	0 (0)	0 (0)	0 (0)	0 (0)	0 (0)	0 (0)	0 (0)	0 (0)	0 (0)	1 (3)	0 (0)	0 (0)	2374.988
Depot 2		0 (0)	0 (0)	0 (0)	0 (0)	0 (0)	0 (0)	1 (4)	1 (2)	1 (3)	0 (0)	0 (0)	0 (0)	0 (0)	0 (0)	0 (0)	2907.477
Depot 5		0 (0)	0 (0)	0 (0)	0 (0)	0 (0)	0 (0)	0 (0)	1 (3)	1 (2)	1 (4)	1 (6)	0 (0)	0 (0)	1 (5)	0 (0)	2687.842
Depot 5		0 (0)	0 (0)	0 (0)	0 (0)	1 (4)	1 (2)	1 (3)	0 (0)	1 (5)	0 (0)	0 (0)	0 (0)	0 (0)	0 (0)	0 (0)	2828.640
Depot 5		0 (0)	0 (0)	1 (3)	0 (0)	0 (0)	0 (0)	0 (0)	0 (0)	0 (0)	0 (0)	0 (0)	1 (4)	0 (0)	1 (2)	0 (0)	2663.059
Depot 1		1 (3)	1 (4)	1 (2)	0 (0)	0 (0)	0 (0)	1 (5)	0 (0)	0 (0)	0 (0)	0 (0)	0 (0)	0 (0)	0 (0)	0 (0)	2123.409
Depot 2		0 (0)	1 (3)	0 (0)	0 (0)	0 (0)	0 (0)	1 (2)	0 (0)	0 (0)	0 (0)	0 (0)	0 (0)	1 (4)	0 (0)	0 (0)	2140.347
Depot 4		1 (3)	1 (5)	1 (2)	0 (0)	0 (0)	1 (4)	0 (0)	0 (0)	0 (0)	0 (0)	0 (0)	0 (0)	0 (0)	0 (0)	0 (0)	2718.665
Depot 4		0 (0)	0 (0)	0 (0)	0 (0)	0 (0)	0 (0)	0 (0)	0 (0)	1 (4)	1 (5)	1 (3)	0 (0)	0 (0)	1 (2)	0 (0)	2306.054
Depot 5		0 (0)	0 (0)	0 (0)	0 (0)	0 (0)	1 (4)	1 (3)	0 (0)	0 (0)	0 (0)	0 (0)	0 (0)	0 (0)	0 (0)	1 (2)	3510.675
Depot 5		0 (0)	1 (4)	0 (0)	0 (0)	0 (0)	0 (0)	0 (0)	1 (2)	0 (0)	1 (3)	0 (0)	0 (0)	0 (0)	0 (0)	0 (0)	2486.534
Depot 2		0 (0)	0 (0)	0 (0)	0 (0)	0 (0)	0 (0)	0 (0)	1 (3)	1 (4)	1 (6)	1 (5)	1 (2)	0 (0)	0 (0)	0 (0)	2434.765
Depot 2		0 (0)	0 (0)	0 (0)	1 (6)	1 (4)	1 (3)	1 (5)	0 (0)	0 (0)	0 (0)	0 (0)	0 (0)	1 (2)	0 (0)	0 (0)	2747.443
Depot 4		0 (0)	0 (0)	0 (0)	0 (0)	0 (0)	0 (0)	1 (2)	1 (4)	1 (3)	0 (0)	0 (0)	1 (5)	0 (0)	0 (0)	0 (0)	3099.444
Depot 3		0 (0)	0 (0)	0 (0)	0 (0)	0 (0)	0 (0)	0 (0)	1 (3)	1 (2)	1 (4)	0 (0)	0 (0)	0 (0)	1 (5)	0 (0)	3140.814
Depot 1		0 (0)	1 (4)	0 (0)	0 (0)	0 (0)	1 (3)	0 (0)	1 (2)	0 (0)	0 (0)	0 (0)	0 (0)	0 (0)	0 (0)	0 (0)	3380.895
Depot 5		1 (4)	0 (0)	1 (3)	0 (0)	0 (0)	0 (0)	1 (2)	0 (0)	0 (0)	0 (0)	0 (0)	0 (0)	0 (0)	0 (0)	0 (0)	2898.402
Depot 5		1 (3)	0 (0)	0 (0)	0 (0)	0 (0)	0 (0)	1 (2)	0 (0)	1 (4)	0 (0)	0 (0)	0 (0)	0 (0)	0 (0)	0 (0)	3047.380
Depot 1		0 (0)	0 (0)	0 (0)	0 (0)	1 (2)	1 (3)	0 (0)	0 (0)	0 (0)	0 (0)	0 (0)	0 (0)	0 (0)	0 (0)	1 (4)	3694.641
Depot 5		0 (0)	0 (0)	0 (0)	1 (3)	1 (5)	1 (6)	1 (4)	1 (2)	0 (0)	0 (0)	0 (0)	0 (0)	0 (0)	0 (0)	0 (0)	3362.475
Depot 3		0 (0)	0 (0)	0 (0)	1 (4)	1 (2)	1 (6)	1 (3)	0 (0)	1 (5)	0 (0)	0 (0)	0 (0)	0 (0)	0 (0)	0 (0)	3400.204
Depot 5		0 (0)	0 (0)	0 (0)	0 (0)	1 (4)	0 (0)	0 (0)	0 (0)	0 (0)	1 (3)	1 (2)	0 (0)	0 (0)	0 (0)	0 (0)	1861.992
Depot 4		0 (0)	0 (0)	0 (0)	1 (4)	1 (2)	0 (0)	0 (0)	0 (0)	0 (0)	0 (0)	1 (3)	0 (0)	0 (0)	0 (0)	0 (0)	1692.030
Depot 2		1 (3)	1 (5)	1 (2)	0 (0)	0 (0)	1 (4)	0 (0)	0 (0)	0 (0)	0 (0)	0 (0)	0 (0)	0 (0)	0 (0)	0 (0)	2590.083
Depot 1		0 (0)	0 (0)	1 (4)	1 (2)	0 (0)	0 (0)	0 (0)	1 (3)	0 (0)	0 (0)	0 (0)	0 (0)	0 (0)	0 (0)	0 (0)	2321.354
Depot 2		0 (0)	0 (0)	0 (0)	0 (0)	0 (0)	0 (0)	0 (0)	0 (0)	0 (0)	0 (0)	0 (0)	0 (0)	0 (0)	1 (2)	1 (3)	2500.355
Depot 4		1 (4)	0 (0)	0 (0)	0 (0)	0 (0)	1 (2)	0 (0)	0 (0)	0 (0)	0 (0)	0 (0)	0 (0)	0 (0)	0 (0)	1 (3)	3414.977
Depot 4		0 (0)	1 (2)	1 (4)	1 (5)	0 (0)	0 (0)	0 (0)	0 (0)	0 (0)	1 (3)	0 (0)	0 (0)	0 (0)	0 (0)	0 (0)	1539.926
Depot 2		0 (0)	0 (0)	0 (0)	1 (2)	0 (0)	0 (0)	0 (0)	0 (0)	0 (0)	0 (0)	1 (3)	0 (0)	0 (0)	0 (0)	0 (0)	1558.706
Depot 5		1 (3)	1 (6)	1 (4)	1 (5)	0 (0)	0 (0)	0 (0)	1 (2)	0 (0)	0 (0)	0 (0)	0 (0)	0 (0)	0 (0)	0 (0)	2931.401
Depot 5		1 (4)	0 (0)	1 (3)	0 (0)	0 (0)	0 (0)	0 (0)	0 (0)	0 (0)	1 (2)	0 (0)	0 (0)	0 (0)	0 (0)	0 (0)	2238.909
Depot 4		0 (0)	0 (0)	0 (0)	0 (0)	0 (0)	0 (0)	1 (4)	0 (0)	0 (0)	1 (2)	0 (0)	0 (0)	1 (3)	0 (0)	0 (0)	2168.096
Depot 5		0 (0)	0 (0)	0 (0)	0 (0)	1 (2)	0 (0)	0 (0)	1 (3)	0 (0)	0 (0)	0 (0)	0 (0)	0 (0)	0 (0)	0 (0)	2264.632
Depot 4		0 (0)	0 (0)	0 (0)	0 (0)	0 (0)	1 (4)	0 (0)	1 (2)	0 (0)	0 (0)	1 (3)	0 (0)	0 (0)	0 (0)	0 (0)	2974.652
Depot 4		0 (0)	1 (4)	0 (0)	0 (0)	1 (3)	0 (0)	0 (0)	0 (0)	0 (0)	0 (0)	0 (0)	0 (0)	0 (0)	0 (0)	1 (2)	2722.431
Depot 1		0 (0)	1 (3)	0 (0)	0 (0)	0 (0)	0 (0)	0 (0)	0 (0)	1 (2)	0 (0)	0 (0)	0 (0)	0 (0)	1 (4)	0 (0)	2843.709
Depot 1		0 (0)	0 (0)	0 (0)	1 (2)	0 (0)	0 (0)	1 (3)	0 (0)	0 (0)	0 (0)	1 (4)	0 (0)	0 (0)	0 (0)	0 (0)	2774.792
Depot 2		0 (0)	0 (0)	1 (4)	0 (0)	0 (0)	1 (2)	0 (0)	0 (0)	0 (0)	0 (0)	0 (0)	0 (0)	0 (0)	1 (3)	0 (0)	2602.956
Depot 5		0 (0)	0 (0)	0 (0)	0 (0)	0 (0)	1 (4)	0 (0)	0 (0)	0 (0)	0 (0)	0 (0)	1 (3)	0 (0)	0 (0)	1 (2)	3005.851
Depot 1		0 (0)	1 (3)	0 (0)	0 (0)	1 (4)	0 (0)	1 (2)	0 (0)	0 (0)	0 (0)	0 (0)	0 (0)	0 (0)	0 (0)	0 (0)	1986.370
Depot 1		0 (0)	0 (0)	0 (0)	0 (0)	1 (2)	0 (0)	0 (0)	0 (0)	0 (0)	0 (0)	0 (0)	0 (0)	1 (3)	0 (0)	1 (4)	3197.546
Depot 2		0 (0)	0 (0)	0 (0)	0 (0)	1 (4)	0 (0)	0 (0)	1 (2)	0 (0)	0 (0)	1 (3)	0 (0)	0 (0)	0 (0)	0 (0)	2206.947
Depot 3		0 (0)	0 (0)	1 (3)	1 (2)	0 (0)	1 (4)	0 (0)	0 (0)	0 (0)	0 (0)	0 (0)	0 (0)	0 (0)	0 (0)	0 (0)	2834.891
Depot 5		0 (0)	0 (0)	0 (0)	1 (2)	1 (3)	1 (4)	0 (0)	0 (0)	0 (0)	0 (0)	0 (0)	0 (0)	0 (0)	0 (0)	0 (0)	2179.414
Depot 2		0 (0)	0 (0)	0 (0)	0 (0)	0 (0)	0 (0)	0 (0)	1 (4)	1 (2)	1 (5)	0 (0)	0 (0)	0 (0)	0 (0)	1 (3)	2313.536
Depot 1		0 (0)	0 (0)	0 (0)	0 (0)	0 (0)	0 (0)	1 (2)	0 (0)	0 (0)	0 (0)	0 (0)	1 (3)	0 (0)	0 (0)	0 (0)	2180.145
Depot 1		0 (0)	1 (4)	0 (0)	0 (0)	0 (0)	0 (0)	0 (0)	1 (2)	0 (0)	0 (0)	0 (0)	0 (0)	1 (3)	0 (0)	0 (0)	2849.690
Depot 2		0 (0)	0 (0)	1 (2)	1 (6)	1 (5)	1 (4)	0 (0)	0 (0)	0 (0)	1 (3)	0 (0)	0 (0)	0 (0)	0 (0)	0 (0)	2639.573
Depot 1		0 (0)	0 (0)	1 (4)	0 (0)	0 (0)	0 (0)	0 (0)	1 (3)	0 (0)	0 (0)	0 (0)	0 (0)	0 (0)	1 (2)	0 (0)	2524.130
Depot 1		0 (0)	0 (0)	0 (0)	0 (0)	0 (0)	0 (0)	0 (0)	0 (0)	1 (2)	0 (0)	0 (0)	0 (0)	0 (0)	0 (0)	0 (0)	2371.137
Depot 2		1 (3)	0 (0)	1 (2)	0 (0)	0 (0)	0 (0)	0 (0)	1 (4)	0 (0)	0 (0)	0 (0)	0 (0)	0 (0)	0 (0)	0 (0)	1819.025
Depot 3		0 (0)	0 (0)	0 (0)	0 (0)	0 (0)	0 (0)	0 (0)	0 (0)	0 (0)	0 (0)	0 (0)	0 (0)	0 (0)	1 (2)	0 (0)	1994.049
Depot 1		0 (0)	0 (0)	0 (0)	1 (4)	0 (0)	0 (0)	0 (0)	0 (0)	1 (3)	1 (2)	0 (0)	0 (0)	0 (0)	0 (0)	0 (0)	2616.644
Depot 1		1 (3)	0 (0)	0 (0)	0 (0)	1 (2)	0 (0)	0 (0)	0 (0)	0 (0)	0 (0)	0 (0)	1 (4)	0 (0)	0 (0)	0 (0)	1913.687
Depot 5		0 (0)	0 (0)	0 (0)	0 (0)	1 (4)	1 (6)	1 (5)	1 (3)	0 (0)	0 (0)	0 (0)	0 (0)	1 (2)	0 (0)	0 (0)	3265.267
Depot 2		0 (0)	0 (0)	1 (4)	0 (0)	0 (0)	0 (0)	0 (0)	0 (0)	0 (0)	0 (0)	1 (2)	0 (0)	1 (3)	0 (0)	0 (0)	1823.545
Depot 3		0 (0)	0 (0)	0 (0)	0 (0)	1 (3)	1 (4)	0 (0)	0 (0)	0 (0)	0 (0)	0 (0)	0 (0)	0 (0)	1 (2)	0 (0)	2088.438
Depot 3		0 (0)	0 (0)	0 (0)	0 (0)	0 (0)	0 (0)	1 (2)	0 (0)	0 (0)	0 (0)	0 (0)	0 (0)	0 (0)	0 (0)	1 (3)	3731.591
Depot 5		0 (0)	0 (0)	0 (0)	0 (0)	0 (0)	1 (4)	0 (0)	0 (0)	0 (0)	0 (0)	0 (0)	0 (0)	1 (2)	1 (3)	0 (0)	2039.525
Depot 5		0 (0)	0 (0)	0 (0)	0 (0)	1 (4)	0 (0)	0 (0)	1 (3)	0 (0)	0 (0)	0 (0)	0 (0)	0 (0)	0 (0)	1 (2)	2617.726
Depot 3		0 (0)	0 (0)	0 (0)	1 (2)	0 (0)	0 (0)	0 (0)	0 (0)	0 (0)	0 (0)	0 (0)	0 (0)	0 (0)	0 (0)	1 (3)	3500.407
Depot 4		0 (0)	0 (0)	0 (0)	0 (0)	0 (0)	0 (0)	1 (4)	0 (0)	1 (3)	0 (0)	0 (0)	1 (2)	0 (0)	0 (0)	0 (0)	2995.305
Depot 4		0 (0)	0 (0)	1 (2)	0 (0)	0 (0)	0 (0)	0 (0)	0 (0)	0 (0)	0 (0)	0 (0)	1 (3)	0 (0)	0 (0)	1 (4)	2894.402
Depot 3		0 (0)	0 (0)	0 (0)	0 (0)	1 (3)	0 (0)	1 (4)	0 (0)	0 (0)	0 (0)	1 (2)	0 (0)	0 (0)	0 (0)	0 (0)	2470.565
Depot 4		1 (3)	0 (0)	1 (4)	0 (0)	0 (0)	0 (0)	0 (0)	0 (0)	0 (0)	0 (0)	0 (0)	0 (0)	1 (2)	0 (0)	0 (0)	2155.654
Depot 2		0 (0)	0 (0)	0 (0)	0 (0)	1 (4)	1 (5)	1 (3)	1 (6)	0 (0)	0 (0)	0 (0)	0 (0)	0 (0)	1 (2)	0 (0)	3353.743
Depot 3		0 (0)	0 (0)	0 (0)	0 (0)	0 (0)	0 (0)	0 (0)	0 (0)	1 (4)	1 (2)	0 (0)	0 (0)	0 (0)	0 (0)	1 (3)	3120.849
Depot 4		0 (0)	0 (0)	0 (0)	1 (5)	1 (2)	1 (3)	0 (0)	0 (0)	0 (0)	0 (0)	1 (4)	0 (0)	0 (0)	0 (0)	0 (0)	2273.363
Depot 4		1 (4)	0 (0)	0 (0)	0 (0)	1 (2)	0 (0)	0 (0)	0 (0)	0 (0)	0 (0)	0 (0)	1 (3)	0 (0)	0 (0)	0 (0)	1722.948
Depot 3		0 (0)	0 (0)	0 (0)	0 (0)	1 (4)	0 (0)	0 (0)	0 (0)	0 (0)	1 (3)	0 (0)	0 (0)	0 (0)	0 (0)	1 (2)	3243.878
Depot 5		0 (0)	0 (0)	1 (2)	0 (0)	0 (0)	0 (0)	1 (3)	0 (0)	0 (0)	0 (0)	0 (0)	0 (0)	0 (0)	0 (0)	0 (0)	2871.137
Depot 5		0 (0)	1 (4)	0 (0)	0 (0)	0 (0)	0 (0)	0 (0)	0 (0)	1 (2)	0 (0)	0 (0)	0 (0)	1 (3)	0 (0)	0 (0)	1982.871
Depot 5		0 (0)	0 (0)	0 (0)	0 (0)	0 (0)	0 (0)	1 (3)	1 (4)	1 (5)	0 (0)	1 (2)	0 (0)	0 (0)	0 (0)	0 (0)	3152.088
Depot 2		0 (0)	0 (0)	0 (0)	0 (0)	0 (0)	1 (2)	0 (0)	0 (0)	0 (0)	0 (0)	0 (0)	0 (0)	0 (0)	1 (3)	0 (0)	2148.260
Depot 5		0 (0)	1 (2)	1 (5)	1 (4)	0 (0)	0 (0)	1 (3)	0 (0)	0 (0)	0 (0)	0 (0)	0 (0)	0 (0)	0 (0)	0 (0)	2895.374
Depot 2		0 (0)	0 (0)	0 (0)	0 (0)	0 (0)	1 (3)	1 (2)	0 (0)	0 (0)	0 (0)	1 (4)	0 (0)	0 (0)	0 (0)	0 (0)	2606.658
Depot 4		1 (2)	0 (0)	0 (0)	0 (0)	0 (0)	0 (0)	0 (0)	0 (0)	0 (0)	0 (0)	0 (0)	1 (3)	0 (0)	0 (0)	0 (0)	1413.689
Depot 5		0 (0)	0 (0)	0 (0)	1 (3)	1 (5)	1 (6)	1 (4)	0 (0)	0 (0)	0 (0)	0 (0)	1 (2)	0 (0)	0 (0)	0 (0)	3266.676
Depot 4		0 (0)	0 (0)	0 (0)	0 (0)	0 (0)	1 (3)	1 (4)	0 (0)	0 (0)	0 (0)	0 (0)	0 (0)	1 (2)	0 (0)	0 (0)	2441.996
Depot 4		0 (0)	0 (0)	1 (2)	0 (0)	0 (0)	0 (0)	0 (0)	0 (0)	0 (0)	1 (3)	0 (0)	0 (0)	0 (0)	1 (4)	0 (0)	1272.364
Depot 1		0 (0)	0 (0)	0 (0)	1 (2)	0 (0)	1 (3)	0 (0)	0 (0)	0 (0)	0 (0)	0 (0)	0 (0)	0 (0)	0 (0)	0 (0)	2821.767
Depot 1		0 (0)	1 (4)	0 (0)	0 (0)	0 (0)	0 (0)	0 (0)	0 (0)	0 (0)	1 (2)	0 (0)	0 (0)	0 (0)	0 (0)	1 (3)	3290.613
Depot 2		0 (0)	0 (0)	0 (0)	0 (0)	0 (0)	0 (0)	0 (0)	0 (0)	0 (0)	0 (0)	1 (2)	0 (0)	0 (0)	1 (3)	0 (0)	1599.890
Depot 2		0 (0)	0 (0)	0 (0)	1 (4)	0 (0)	0 (0)	0 (0)	0 (0)	0 (0)	1 (2)	0 (0)	0 (0)	0 (0)	0 (0)	1 (3)	2358.938
Depot 1		0 (0)	0 (0)	1 (4)	0 (0)	1 (3)	0 (0)	1 (2)	0 (0)	0 (0)	0 (0)	0 (0)	0 (0)	0 (0)	0 (0)	0 (0)	2017.878
Depot 2		0 (0)	0 (0)	0 (0)	0 (0)	1 (4)	0 (0)	0 (0)	0 (0)	0 (0)	1 (2)	0 (0)	0 (0)	1 (3)	0 (0)	0 (0)	1600.126
Depot 3		0 (0)	0 (0)	0 (0)	0 (0)	0 (0)	0 (0)	0 (0)	0 (0)	0 (0)	0 (0)	0 (0)	1 (3)	1 (4)	0 (0)	1 (2)	3383.268
Depot 4		0 (0)	0 (0)	0 (0)	1 (4)	0 (0)	0 (0)	1 (2)	0 (0)	0 (0)	0 (0)	0 (0)	0 (0)	0 (0)	0 (0)	1 (3)	3098.805
Depot 5		0 (0)	0 (0)	1 (3)	0 (0)	0 (0)	0 (0)	0 (0)	0 (0)	0 (0)	1 (4)	0 (0)	0 (0)	0 (0)	0 (0)	1 (2)	3016.100
Depot 3		0 (0)	0 (0)	0 (0)	0 (0)	0 (0)	1 (4)	0 (0)	0 (0)	0 (0)	1 (2)	0 (0)	0 (0)	1 (3)	0 (0)	0 (0)	2206.977
Depot 4		1 (3)	1 (5)	1 (2)	0 (0)	0 (0)	0 (0)	0 (0)	0 (0)	0 (0)	0 (0)	0 (0)	0 (0)	0 (0)	0 (0)	1 (4)	3014.636
Depot 3		0 (0)	0 (0)	1 (2)	1 (3)	1 (5)	0 (0)	0 (0)	0 (0)	0 (0)	0 (0)	0 (0)	0 (0)	0 (0)	1 (4)	0 (0)	2821.836
Depot 3		1 (3)	0 (0)	0 (0)	1 (4)	0 (0)	0 (0)	0 (0)	0 (0)	0 (0)	0 (0)	0 (0)	0 (0)	0 (0)	0 (0)	1 (2)	3577.688
Depot 2		0 (0)	0 (0)	0 (0)	0 (0)	1 (2)	0 (0)	0 (0)	0 (0)	0 (0)	0 (0)	0 (0)	0 (0)	0 (0)	0 (0)	1 (3)	2504.555
Depot 1		0 (0)	0 (0)	0 (0)	0 (0)	1 (4)	0 (0)	0 (0)	0 (0)	0 (0)	0 (0)	0 (0)	1 (2)	1 (3)	0 (0)	0 (0)	2459.010
Depot 4		0 (0)	0 (0)	0 (0)	0 (0)	0 (0)	0 (0)	1 (2)	1 (4)	1 (3)	0 (0)	0 (0)	0 (0)	0 (0)	1 (5)	0 (0)	2866.729
Depot 4		0 (0)	0 (0)	0 (0)	1 (4)	0 (0)	0 (0)	1 (2)	0 (0)	0 (0)	0 (0)	0 (0)	0 (0)	0 (0)	1 (3)	0 (0)	903.956
Depot 5		0 (0)	0 (0)	0 (0)	0 (0)	0 (0)	1 (6)	1 (5)	1 (4)	1 (2)	0 (0)	0 (0)	0 (0)	0 (0)	0 (0)	1 (3)	3535.954
Depot 2		0 (0)	0 (0)	0 (0)	0 (0)	0 (0)	0 (0)	0 (0)	0 (0)	1 (4)	0 (0)	1 (2)	0 (0)	1 (3)	0 (0)	0 (0)	1919.125
Depot 2		1 (6)	1 (2)	1 (5)	1 (4)	0 (0)	0 (0)	0 (0)	0 (0)	0 (0)	0 (0)	0 (0)	0 (0)	0 (0)	1 (3)	0 (0)	1501.246
Depot 5		1 (3)	0 (0)	0 (0)	0 (0)	0 (0)	0 (0)	0 (0)	1 (2)	0 (0)	0 (0)	1 (4)	0 (0)	0 (0)	0 (0)	0 (0)	2332.238
Depot 2		0 (0)	0 (0)	0 (0)	0 (0)	0 (0)	1 (3)	0 (0)	0 (0)	1 (2)	0 (0)	0 (0)	0 (0)	0 (0)	1 (4)	0 (0)	2648.781
Depot 2		0 (0)	0 (0)	0 (0)	1 (4)	0 (0)	0 (0)	0 (0)	0 (0)	1 (2)	0 (0)	1 (3)	0 (0)	0 (0)	0 (0)	0 (0)	2137.292
Depot 2		0 (0)	0 (0)	1 (2)	0 (0)	0 (0)	0 (0)	0 (0)	0 (0)	0 (0)	0 (0)	0 (0)	1 (3)	0 (0)	0 (0)	0 (0)	922.306
Depot 2		1 (3)	0 (0)	1 (4)	0 (0)	1 (2)	0 (0)	0 (0)	0 (0)	0 (0)	0 (0)	0 (0)	0 (0)	0 (0)	0 (0)	0 (0)	1346.028
Depot 4		0 (0)	0 (0)	0 (0)	0 (0)	0 (0)	0 (0)	1 (4)	1 (2)	1 (3)	0 (0)	0 (0)	0 (0)	0 (0)	0 (0)	0 (0)	2861.303
Depot 5		0 (0)	0 (0)	1 (3)	1 (2)	0 (0)	0 (0)	0 (0)	0 (0)	0 (0)	0 (0)	0 (0)	1 (4)	0 (0)	0 (0)	0 (0)	2596.795
Depot 2		1 (4)	1 (2)	1 (5)	0 (0)	0 (0)	0 (0)	0 (0)	0 (0)	0 (0)	0 (0)	0 (0)	0 (0)	0 (0)	0 (0)	1 (3)	2886.054
Depot 3		0 (0)	0 (0)	0 (0)	1 (3)	1 (4)	0 (0)	0 (0)	0 (0)	1 (2)	0 (0)	0 (0)	0 (0)	0 (0)	0 (0)	0 (0)	2912.740
Depot 3		0 (0)	0 (0)	0 (0)	0 (0)	0 (0)	0 (0)	1 (4)	0 (0)	1 (2)	0 (0)	0 (0)	1 (3)	0 (0)	0 (0)	0 (0)	3621.578
Depot 2		0 (0)	0 (0)	0 (0)	0 (0)	1 (4)	0 (0)	0 (0)	0 (0)	1 (3)	1 (2)	0 (0)	0 (0)	0 (0)	0 (0)	0 (0)	2063.377
Depot 3		0 (0)	0 (0)	0 (0)	0 (0)	0 (0)	0 (0)	1 (4)	1 (3)	0 (0)	0 (0)	1 (2)	0 (0)	0 (0)	0 (0)	0 (0)	3432.155
Depot 5		0 (0)	0 (0)	0 (0)	0 (0)	0 (0)	1 (5)	1 (4)	1 (2)	0 (0)	0 (0)	0 (0)	0 (0)	0 (0)	1 (3)	0 (0)	3196.846
Depot 4		0 (0)	1 (2)	0 (0)	0 (0)	0 (0)	0 (0)	0 (0)	0 (0)	0 (0)	1 (3)	0 (0)	0 (0)	0 (0)	0 (0)	0 (0)	1192.114
Depot 4		1 (4)	1 (5)	1 (2)	0 (0)	0 (0)	0 (0)	0 (0)	0 (0)	0 (0)	0 (0)	0 (0)	1 (3)	0 (0)	0 (0)	0 (0)	1835.925
Depot 2		0 (0)	0 (0)	0 (0)	0 (0)	0 (0)	0 (0)	0 (0)	0 (0)	0 (0)	1 (4)	0 (0)	1 (2)	0 (0)	0 (0)	1 (3)	2253.858
Depot 2		0 (0)	0 (0)	0 (0)	0 (0)	1 (5)	1 (4)	1 (6)	1 (2)	0 (0)	0 (0)	0 (0)	0 (0)	1 (3)	0 (0)	0 (0)	3370.680
Depot 2		0 (0)	0 (0)	0 (0)	0 (0)	0 (0)	0 (0)	0 (0)	0 (0)	1 (2)	0 (0)	0 (0)	0 (0)	1 (3)	1 (4)	0 (0)	2151.158
Depot 5		0 (0)	0 (0)	1 (3)	1 (4)	1 (5)	0 (0)	0 (0)	1 (2)	0 (0)	0 (0)	0 (0)	0 (0)	0 (0)	0 (0)	0 (0)	2882.548
Depot 1		0 (0)	0 (0)	1 (2)	0 (0)	0 (0)	1 (3)	0 (0)	1 (4)	0 (0)	0 (0)	0 (0)	0 (0)	0 (0)	0 (0)	0 (0)	3292.493
Depot 5		0 (0)	0 (0)	1 (3)	0 (0)	1 (2)	0 (0)	0 (0)	0 (0)	0 (0)	1 (4)	0 (0)	0 (0)	0 (0)	0 (0)	0 (0)	2374.458
Depot 3		1 (3)	0 (0)	0 (0)	1 (2)	0 (0)	1 (4)	0 (0)	0 (0)	0 (0)	0 (0)	0 (0)	0 (0)	0 (0)	0 (0)	0 (0)	2728.033
Depot 2		0 (0)	0 (0)	0 (0)	0 (0)	0 (0)	0 (0)	0 (0)	0 (0)	0 (0)	0 (0)	0 (0)	1 (5)	1 (3)	1 (2)	1 (4)	2867.860
Depot 5		0 (0)	0 (0)	0 (0)	0 (0)	0 (0)	0 (0)	0 (0)	0 (0)	0 (0)	0 (0)	0 (0)	0 (0)	1 (2)	0 (0)	1 (3)	1785.006
Depot 3		0 (0)	0 (0)	0 (0)	0 (0)	0 (0)	1 (2)	0 (0)	1 (3)	0 (0)	0 (0)	1 (4)	0 (0)	0 (0)	0 (0)	0 (0)	2261.856
Depot 2		0 (0)	0 (0)	1 (4)	1 (3)	0 (0)	1 (2)	0 (0)	0 (0)	0 (0)	0 (0)	0 (0)	0 (0)	0 (0)	0 (0)	0 (0)	2560.452
Depot 4		0 (0)	0 (0)	0 (0)	1 (4)	0 (0)	0 (0)	1 (2)	0 (0)	1 (3)	0 (0)	0 (0)	0 (0)	0 (0)	0 (0)	0 (0)	2631.548
Depot 3		0 (0)	0 (0)	0 (0)	1 (2)	0 (0)	0 (0)	0 (0)	0 (0)	0 (0)	0 (0)	0 (0)	0 (0)	1 (3)	0 (0)	0 (0)	2469.570
Depot 4		0 (0)	1 (3)	0 (0)	0 (0)	0 (0)	0 (0)	1 (4)	0 (0)	0 (0)	0 (0)	0 (0)	0 (0)	1 (2)	0 (0)	0 (0)	1936.844
Depot 5		0 (0)	0 (0)	0 (0)	0 (0)	0 (0)	1 (2)	0 (0)	0 (0)	0 (0)	0 (0)	1 (3)	0 (0)	0 (0)	0 (0)	0 (0)	792.921
Depot 3		1 (3)	0 (0)	0 (0)	0 (0)	0 (0)	0 (0)	0 (0)	0 (0)	0 (0)	0 (0)	1 (4)	0 (0)	0 (0)	1 (2)	0 (0)	2725.886
Depot 1		0 (0)	0 (0)	0 (0)	1 (4)	0 (0)	0 (0)	0 (0)	1 (3)	0 (0)	0 (0)	0 (0)	1 (2)	0 (0)	0 (0)	0 (0)	2310.888
Depot 2		0 (0)	1 (4)	0 (0)	0 (0)	1 (3)	0 (0)	0 (0)	1 (2)	0 (0)	0 (0)	0 (0)	0 (0)	0 (0)	0 (0)	0 (0)	2090.931
Depot 5		1 (4)	1 (2)	0 (0)	0 (0)	1 (3)	0 (0)	0 (0)	0 (0)	0 (0)	0 (0)	0 (0)	0 (0)	0 (0)	0 (0)	0 (0)	2236.810
Depot 2		0 (0)	0 (0)	0 (0)	1 (5)	1 (4)	1 (3)	0 (0)	0 (0)	0 (0)	0 (0)	1 (2)	0 (0)	0 (0)	0 (0)	0 (0)	2223.704
Depot 1		1 (2)	0 (0)	0 (0)	0 (0)	0 (0)	0 (0)	0 (0)	0 (0)	0 (0)	0 (0)	0 (0)	0 (0)	0 (0)	1 (3)	0 (0)	1420.085
Depot 4		0 (0)	0 (0)	1 (4)	0 (0)	0 (0)	1 (2)	0 (0)	0 (0)	0 (0)	0 (0)	1 (3)	0 (0)	0 (0)	0 (0)	0 (0)	2710.313
Depot 3		0 (0)	0 (0)	0 (0)	0 (0)	0 (0)	1 (4)	0 (0)	0 (0)	0 (0)	1 (3)	0 (0)	0 (0)	0 (0)	1 (2)	0 (0)	2477.262
Depot 3		0 (0)	0 (0)	0 (0)	1 (4)	0 (0)	1 (2)	0 (0)	0 (0)	0 (0)	0 (0)	0 (0)	0 (0)	1 (3)	0 (0)	0 (0)	2476.252
Depot 2		0 (0)	0 (0)	0 (0)	0 (0)	0 (0)	1 (2)	0 (0)	0 (0)	1 (3)	1 (4)	0 (0)	0 (0)	0 (0)	0 (0)	0 (0)	2481.269
Depot 5		0 (0)	0 (0)	0 (0)	0 (0)	0 (0)	0 (0)	0 (0)	0 (0)	1 (4)	0 (0)	0 (0)	1 (3)	1 (2)	0 (0)	0 (0)	2289.501
Depot 1		0 (0)	0 (0)	0 (0)	0 (0)	0 (0)	0 (0)	1 (2)	1 (5)	1 (3)	1 (6)	0 (0)	0 (0)	0 (0)	0 (0)	1 (4)	3777.337
Depot 3		1 (4)	1 (2)	1 (3)	0 (0)	0 (0)	0 (0)	0 (0)	0 (0)	0 (0)	0 (0)	0 (0)	0 (0)	0 (0)	0 (0)	0 (0)	2820.114
Depot 4		0 (0)	0 (0)	0 (0)	0 (0)	1 (4)	0 (0)	0 (0)	0 (0)	1 (3)	0 (0)	0 (0)	1 (2)	0 (0)	0 (0)	0 (0)	2633.478
Depot 4		0 (0)	0 (0)	0 (0)	0 (0)	0 (0)	0 (0)	0 (0)	0 (0)	0 (0)	0 (0)	0 (0)	0 (0)	1 (3)	1 (4)	1 (2)	2764.869
Depot 4		0 (0)	0 (0)	0 (0)	0 (0)	0 (0)	0 (0)	0 (0)	0 (0)	0 (0)	0 (0)	1 (4)	1 (2)	0 (0)	0 (0)	1 (3)	3033.015
Depot 5		0 (0)	0 (0)	0 (0)	0 (0)	0 (0)	0 (0)	1 (4)	0 (0)	0 (0)	0 (0)	0 (0)	0 (0)	1 (2)	1 (3)	0 (0)	2285.839
Depot 1		0 (0)	0 (0)	0 (0)	0 (0)	0 (0)	0 (0)	0 (0)	1 (2)	1 (3)	1 (6)	1 (5)	0 (0)	1 (4)	0 (0)	0 (0)	2772.983
Depot 5		0 (0)	0 (0)	0 (0)	0 (0)	0 (0)	0 (0)	1 (4)	0 (0)	0 (0)	1 (3)	0 (0)	0 (0)	0 (0)	0 (0)	1 (2)	3415.613
Depot 3		1 (3)	0 (0)	0 (0)	0 (0)	0 (0)	0 (0)	0 (0)	0 (0)	0 (0)	0 (0)	0 (0)	1 (4)	0 (0)	1 (2)	0 (0)	2981.697
Depot 1		0 (0)	0 (0)	0 (0)	0 (0)	0 (0)	0 (0)	1 (4)	0 (0)	1 (3)	0 (0)	0 (0)	0 (0)	0 (0)	0 (0)	1 (2)	3658.588
Depot 2		0 (0)	0 (0)	0 (0)	0 (0)	0 (0)	0 (0)	0 (0)	1 (3)	0 (0)	0 (0)	1 (2)	1 (4)	0 (0)	0 (0)	0 (0)	2223.816
Depot 1		0 (0)	0 (0)	0 (0)	0 (0)	0 (0)	0 (0)	1 (4)	0 (0)	1 (2)	0 (0)	1 (3)	0 (0)	0 (0)	0 (0)	0 (0)	3236.618
Depot 1		1 (2)	0 (0)	0 (0)	0 (0)	0 (0)	0 (0)	0 (0)	0 (0)	1 (3)	0 (0)	1 (4)	0 (0)	0 (0)	0 (0)	0 (0)	2610.661
Depot 2		1 (4)	1 (2)	0 (0)	0 (0)	0 (0)	1 (3)	0 (0)	0 (0)	0 (0)	0 (0)	0 (0)	0 (0)	0 (0)	0 (0)	0 (0)	2377.430
Depot 5		0 (0)	1 (2)	1 (4)	1 (3)	0 (0)	0 (0)	0 (0)	1 (5)	0 (0)	0 (0)	0 (0)	0 (0)	0 (0)	0 (0)	0 (0)	2924.663
Depot 3		0 (0)	0 (0)	0 (0)	0 (0)	1 (3)	1 (4)	1 (2)	0 (0)	0 (0)	0 (0)	0 (0)	0 (0)	0 (0)	0 (0)	0 (0)	2319.448
Depot 5		0 (0)	0 (0)	0 (0)	0 (0)	0 (0)	0 (0)	1 (5)	1 (3)	1 (2)	0 (0)	0 (0)	0 (0)	0 (0)	1 (4)	0 (0)	3080.490
Depot 5		0 (0)	0 (0)	0 (0)	1 (2)	0 (0)	0 (0)	0 (0)	0 (0)	0 (0)	1 (3)	1 (4)	0 (0)	0 (0)	0 (0)	0 (0)	2077.432
Depot 1		0 (0)	1 (4)	0 (0)	0 (0)	0 (0)	0 (0)	0 (0)	0 (0)	1 (2)	0 (0)	1 (3)	0 (0)	0 (0)	0 (0)	0 (0)	2856.685
Depot 1		0 (0)	0 (0)	0 (0)	0 (0)	0 (0)	0 (0)	1 (2)	0 (0)	0 (0)	0 (0)	0 (0)	0 (0)	0 (0)	1 (3)	0 (0)	1697.289
Depot 5		0 (0)	1 (2)	0 (0)	0 (0)	0 (0)	0 (0)	0 (0)	0 (0)	0 (0)	0 (0)	0 (0)	0 (0)	1 (3)	0 (0)	1 (4)	2755.834
Depot 2		0 (0)	0 (0)	0 (0)	0 (0)	0 (0)	0 (0)	0 (0)	0 (0)	0 (0)	1 (2)	1 (3)	0 (0)	0 (0)	0 (0)	0 (0)	1401.924
Depot 2		0 (0)	0 (0)	1 (2)	0 (0)	0 (0)	0 (0)	0 (0)	0 (0)	0 (0)	0 (0)	0 (0)	0 (0)	0 (0)	0 (0)	0 (0)	483.628
Depot 3		0 (0)	0 (0)	0 (0)	0 (0)	0 (0)	1 (2)	0 (0)	0 (0)	0 (0)	1 (3)	0 (0)	0 (0)	0 (0)	0 (0)	0 (0)	2153.616
Depot 1		0 (0)	1 (4)	1 (2)	0 (0)	0 (0)	0 (0)	0 (0)	0 (0)	1 (3)	0 (0)	0 (0)	0 (0)	0 (0)	0 (0)	0 (0)	2824.753
Depot 5		0 (0)	0 (0)	1 (3)	0 (0)	0 (0)	1 (2)	0 (0)	0 (0)	1 (4)	0 (0)	0 (0)	0 (0)	0 (0)	0 (0)	0 (0)	2817.672
Depot 5		0 (0)	0 (0)	0 (0)	0 (0)	0 (0)	0 (0)	0 (0)	0 (0)	0 (0)	1 (3)	1 (2)	1 (4)	0 (0)	0 (0)	1 (5)	2767.250
Depot 1		0 (0)	0 (0)	0 (0)	0 (0)	1 (3)	0 (0)	0 (0)	0 (0)	0 (0)	0 (0)	1 (2)	0 (0)	0 (0)	1 (4)	0 (0)	2330.141
Depot 1		0 (0)	1 (3)	0 (0)	1 (2)	0 (0)	0 (0)	0 (0)	0 (0)	0 (0)	1 (4)	0 (0)	0 (0)	0 (0)	0 (0)	0 (0)	1736.033
Depot 2		0 (0)	0 (0)	0 (0)	0 (0)	0 (0)	0 (0)	0 (0)	0 (0)	0 (0)	0 (0)	1 (2)	1 (5)	1 (3)	0 (0)	1 (4)	2635.827
Depot 5		0 (0)	1 (4)	0 (0)	0 (0)	0 (0)	0 (0)	0 (0)	0 (0)	0 (0)	0 (0)	0 (0)	1 (3)	1 (2)	0 (0)	0 (0)	2478.818
Depot 5		0 (0)	0 (0)	0 (0)	0 (0)	0 (0)	1 (2)	1 (3)	1 (5)	0 (0)	0 (0)	0 (0)	1 (4)	0 (0)	0 (0)	0 (0)	3457.419
Depot 2		0 (0)	0 (0)	0 (0)	1 (2)	0 (0)	0 (0)	0 (0)	0 (0)	0 (0)	0 (0)	0 (0)	1 (3)	0 (0)	0 (0)	0 (0)	1074.060
Depot 5		1 (2)	0 (0)	0 (0)	0 (0)	0 (0)	0 (0)	0 (0)	1 (3)	0 (0)	0 (0)	0 (0)	0 (0)	0 (0)	0 (0)	1 (4)	2685.276
Depot 2		0 (0)	0 (0)	0 (0)	1 (4)	0 (0)	1 (3)	0 (0)	0 (0)	0 (0)	0 (0)	0 (0)	0 (0)	1 (2)	0 (0)	0 (0)	2246.982
Depot 5		0 (0)	0 (0)	1 (5)	1 (4)	1 (3)	1 (2)	0 (0)	1 (6)	0 (0)	0 (0)	0 (0)	0 (0)	0 (0)	0 (0)	0 (0)	3092.089
Depot 4		0 (0)	0 (0)	0 (0)	0 (0)	1 (4)	0 (0)	0 (0)	0 (0)	0 (0)	0 (0)	1 (3)	1 (2)	0 (0)	0 (0)	0 (0)	2274.657
Depot 2		0 (0)	0 (0)	0 (0)	0 (0)	0 (0)	0 (0)	0 (0)	1 (4)	0 (0)	0 (0)	1 (2)	0 (0)	1 (3)	0 (0)	0 (0)	2034.132
Depot 4		0 (0)	1 (6)	1 (3)	1 (2)	1 (5)	1 (4)	0 (0)	0 (0)	0 (0)	0 (0)	0 (0)	0 (0)	0 (0)	0 (0)	0 (0)	2719.768
Depot 5		0 (0)	0 (0)	0 (0)	1 (4)	0 (0)	1 (2)	1 (3)	0 (0)	0 (0)	0 (0)	0 (0)	0 (0)	0 (0)	0 (0)	0 (0)	2580.097
Depot 2		0 (0)	0 (0)	0 (0)	0 (0)	0 (0)	0 (0)	0 (0)	0 (0)	0 (0)	0 (0)	0 (0)	1 (4)	1 (3)	1 (2)	0 (0)	2125.125
Depot 5		0 (0)	0 (0)	1 (2)	0 (0)	0 (0)	0 (0)	0 (0)	0 (0)	0 (0)	0 (0)	1 (3)	0 (0)	0 (0)	0 (0)	0 (0)	2210.856
Depot 5		0 (0)	0 (0)	1 (4)	1 (3)	1 (2)	0 (0)	0 (0)	0 (0)	0 (0)	0 (0)	0 (0)	0 (0)	0 (0)	0 (0)	0 (0)	2429.440
Depot 1		1 (3)	0 (0)	0 (0)	0 (0)	0 (0)	0 (0)	0 (0)	0 (0)	0 (0)	1 (4)	0 (0)	1 (2)	0 (0)	0 (0)	0 (0)	1249.791
Depot 5		1 (3)	1 (6)	1 (4)	1 (5)	0 (0)	0 (0)	0 (0)	0 (0)	0 (0)	0 (0)	0 (0)	0 (0)	1 (2)	0 (0)	0 (0)	2504.716
Depot 4		0 (0)	0 (0)	0 (0)	0 (0)	0 (0)	0 (0)	0 (0)	0 (0)	1 (3)	1 (4)	1 (2)	0 (0)	0 (0)	0 (0)	0 (0)	2302.412
Depot 1		0 (0)	0 (0)	1 (4)	0 (0)	0 (0)	0 (0)	0 (0)	1 (2)	0 (0)	1 (3)	0 (0)	0 (0)	0 (0)	0 (0)	0 (0)	2057.432
Depot 1		1 (4)	0 (0)	0 (0)	0 (0)	1 (3)	0 (0)	1 (2)	0 (0)	0 (0)	0 (0)	0 (0)	0 (0)	0 (0)	0 (0)	0 (0)	2126.802
Depot 5		0 (0)	0 (0)	0 (0)	0 (0)	1 (5)	1 (6)	1 (4)	1 (2)	0 (0)	1 (3)	0 (0)	0 (0)	0 (0)	0 (0)	0 (0)	3312.610
Depot 5		0 (0)	0 (0)	0 (0)	0 (0)	0 (0)	1 (4)	0 (0)	1 (3)	1 (2)	0 (0)	0 (0)	0 (0)	0 (0)	0 (0)	0 (0)	1911.379
Depot 3		0 (0)	0 (0)	0 (0)	1 (3)	0 (0)	0 (0)	0 (0)	0 (0)	1 (4)	0 (0)	0 (0)	0 (0)	0 (0)	1 (2)	0 (0)	2942.104
Depot 2		0 (0)	0 (0)	0 (0)	1 (4)	0 (0)	0 (0)	0 (0)	0 (0)	0 (0)	0 (0)	1 (2)	0 (0)	0 (0)	1 (3)	0 (0)	1650.678
Depot 3		0 (0)	0 (0)	0 (0)	0 (0)	0 (0)	0 (0)	0 (0)	0 (0)	0 (0)	1 (4)	0 (0)	1 (3)	0 (0)	1 (2)	0 (0)	3018.179
Depot 3		0 (0)	0 (0)	0 (0)	0 (0)	0 (0)	1 (4)	0 (0)	0 (0)	0 (0)	0 (0)	0 (0)	0 (0)	1 (3)	1 (2)	0 (0)	2284.924
Depot 1		0 (0)	0 (0)	0 (0)	0 (0)	0 (0)	0 (0)	0 (0)	0 (0)	0 (0)	1 (4)	1 (3)	0 (0)	0 (0)	1 (2)	0 (0)	2308.711
Depot 3		0 (0)	0 (0)	0 (0)	0 (0)	0 (0)	0 (0)	0 (0)	0 (0)	1 (4)	1 (2)	0 (0)	1 (3)	0 (0)	0 (0)	0 (0)	2987.998
Depot 4		0 (0)	0 (0)	1 (4)	0 (0)	0 (0)	0 (0)	1 (2)	0 (0)	0 (0)	0 (0)	0 (0)	0 (0)	0 (0)	0 (0)	1 (3)	3315.125
Depot 2		0 (0)	0 (0)	0 (0)	0 (0)	0 (0)	1 (3)	1 (2)	0 (0)	1 (4)	0 (0)	0 (0)	0 (0)	0 (0)	0 (0)	0 (0)	3049.596
Depot 1		0 (0)	0 (0)	1 (2)	0 (0)	0 (0)	0 (0)	0 (0)	1 (3)	0 (0)	0 (0)	0 (0)	0 (0)	0 (0)	0 (0)	1 (4)	2504.603
Depot 2		0 (0)	0 (0)	1 (2)	1 (3)	1 (6)	1 (5)	1 (4)	0 (0)	0 (0)	0 (0)	0 (0)	0 (0)	0 (0)	0 (0)	0 (0)	3047.238
Depot 2		0 (0)	0 (0)	0 (0)	0 (0)	0 (0)	0 (0)	0 (0)	0 (0)	1 (3)	1 (4)	0 (0)	1 (2)	0 (0)	0 (0)	0 (0)	2109.631
Depot 3		0 (0)	0 (0)	0 (0)	0 (0)	0 (0)	0 (0)	0 (0)	0 (0)	1 (3)	0 (0)	0 (0)	0 (0)	0 (0)	0 (0)	1 (2)	2394.548
Depot 4		0 (0)	0 (0)	0 (0)	1 (4)	0 (0)	1 (2)	0 (0)	0 (0)	0 (0)	0 (0)	0 (0)	1 (3)	0 (0)	0 (0)	0 (0)	2854.783
Depot 1		0 (0)	0 (0)	1 (3)	0 (0)	0 (0)	0 (0)	0 (0)	0 (0)	0 (0)	0 (0)	0 (0)	1 (2)	0 (0)	0 (0)	0 (0)	891.287
Depot 3		0 (0)	0 (0)	1 (3)	1 (2)	0 (0)	0 (0)	0 (0)	0 (0)	0 (0)	1 (4)	0 (0)	0 (0)	0 (0)	0 (0)	0 (0)	2806.118
Depot 3		1 (2)	1 (6)	1 (3)	1 (4)	1 (5)	0 (0)	0 (0)	0 (0)	0 (0)	0 (0)	0 (0)	0 (0)	0 (0)	0 (0)	0 (0)	2904.912
Depot 5		1 (4)	0 (0)	0 (0)	1 (3)	0 (0)	0 (0)	1 (2)	0 (0)	0 (0)	0 (0)	0 (0)	0 (0)	0 (0)	0 (0)	0 (0)	2755.629
Depot 5		0 (0)	1 (4)	0 (0)	1 (3)	0 (0)	0 (0)	0 (0)	0 (0)	0 (0)	0 (0)	0 (0)	0 (0)	1 (2)	0 (0)	0 (0)	2062.407
Depot 5		1 (3)	0 (0)	0 (0)	0 (0)	0 (0)	0 (0)	1 (2)	0 (0)	0 (0)	0 (0)	1 (4)	0 (0)	0 (0)	0 (0)	0 (0)	2747.587
Depot 2		0 (0)	1 (4)	1 (2)	0 (0)	0 (0)	0 (0)	0 (0)	0 (0)	0 (0)	0 (0)	0 (0)	0 (0)	1 (3)	0 (0)	0 (0)	2055.224
Depot 1		0 (0)	0 (0)	1 (4)	0 (0)	1 (2)	0 (0)	0 (0)	1 (3)	0 (0)	0 (0)	0 (0)	0 (0)	0 (0)	0 (0)	0 (0)	2616.091
Depot 4		0 (0)	0 (0)	1 (4)	1 (5)	1 (2)	0 (0)	0 (0)	0 (0)	0 (0)	0 (0)	0 (0)	0 (0)	1 (3)	0 (0)	0 (0)	2157.548
Depot 2		0 (0)	0 (0)	1 (2)	0 (0)	1 (3)	0 (0)	0 (0)	0 (0)	0 (0)	0 (0)	0 (0)	0 (0)	0 (0)	0 (0)	0 (0)	1233.435
Depot 1		1 (4)	0 (0)	0 (0)	0 (0)	0 (0)	1 (2)	0 (0)	1 (3)	0 (0)	0 (0)	0 (0)	0 (0)	0 (0)	0 (0)	0 (0)	3305.645
Depot 2		0 (0)	0 (0)	0 (0)	0 (0)	0 (0)	1 (3)	0 (0)	0 (0)	0 (0)	0 (0)	0 (0)	0 (0)	1 (2)	1 (4)	0 (0)	2244.685
Depot 1		1 (3)	1 (5)	1 (2)	0 (0)	0 (0)	0 (0)	0 (0)	0 (0)	0 (0)	0 (0)	0 (0)	0 (0)	1 (4)	0 (0)	0 (0)	2397.020
Depot 3		0 (0)	0 (0)	0 (0)	1 (4)	1 (2)	1 (5)	0 (0)	0 (0)	0 (0)	0 (0)	0 (0)	0 (0)	0 (0)	1 (3)	0 (0)	2369.289
Depot 3		1 (2)	0 (0)	0 (0)	0 (0)	0 (0)	0 (0)	0 (0)	0 (0)	0 (0)	0 (0)	0 (0)	0 (0)	0 (0)	0 (0)	0 (0)	2427.069
Depot 4		0 (0)	1 (4)	0 (0)	0 (0)	1 (3)	0 (0)	0 (0)	0 (0)	0 (0)	0 (0)	0 (0)	0 (0)	1 (2)	0 (0)	0 (0)	1617.866
Depot 5		1 (3)	0 (0)	0 (0)	0 (0)	0 (0)	0 (0)	0 (0)	0 (0)	0 (0)	1 (4)	0 (0)	0 (0)	0 (0)	1 (2)	0 (0)	2300.840
Depot 5		0 (0)	0 (0)	0 (0)	0 (0)	0 (0)	0 (0)	0 (0)	0 (0)	0 (0)	1 (3)	0 (0)	1 (4)	0 (0)	1 (2)	0 (0)	2597.852
Depot 1		0 (0)	0 (0)	0 (0)	0 (0)	0 (0)	0 (0)	0 (0)	0 (0)	0 (0)	0 (0)	0 (0)	0 (0)	1 (2)	0 (0)	0 (0)	2088.433
Depot 1		0 (0)	0 (0)	0 (0)	0 (0)	1 (4)	1 (3)	0 (0)	0 (0)	0 (0)	0 (0)	0 (0)	1 (2)	0 (0)	0 (0)	0 (0)	3029.072
Depot 4		0 (0)	0 (0)	1 (4)	0 (0)	0 (0)	1 (2)	0 (0)	1 (3)	0 (0)	0 (0)	0 (0)	0 (0)	0 (0)	0 (0)	0 (0)	3207.472
Depot 5		0 (0)	0 (0)	0 (0)	0 (0)	0 (0)	0 (0)	0 (0)	0 (0)	0 (0)	1 (2)	0 (0)	0 (0)	1 (3)	0 (0)	0 (0)	1615.725
Depot 3		0 (0)	0 (0)	0 (0)	0 (0)	0 (0)	0 (0)	0 (0)	1 (3)	1 (4)	0 (0)	0 (0)	0 (0)	0 (0)	1 (2)	0 (0)	3109.188
Depot 4		0 (0)	0 (0)	0 (0)	0 (0)	0 (0)	0 (0)	1 (4)	0 (0)	0 (0)	1 (3)	0 (0)	1 (2)	0 (0)	0 (0)	0 (0)	1958.541
Depot 4		1 (4)	1 (2)	1 (5)	1 (6)	0 (0)	0 (0)	0 (0)	0 (0)	0 (0)	0 (0)	0 (0)	0 (0)	0 (0)	0 (0)	1 (3)	3016.211
Depot 5		0 (0)	1 (2)	1 (4)	1 (3)	0 (0)	0 (0)	0 (0)	0 (0)	0 (0)	1 (5)	0 (0)	0 (0)	0 (0)	0 (0)	0 (0)	2473.200
Depot 2		0 (0)	1 (3)	0 (0)	0 (0)	1 (4)	0 (0)	0 (0)	0 (0)	0 (0)	0 (0)	0 (0)	0 (0)	0 (0)	1 (2)	0 (0)	914.440
Depot 2		0 (0)	0 (0)	0 (0)	0 (0)	1 (3)	1 (2)	0 (0)	0 (0)	0 (0)	0 (0)	0 (0)	0 (0)	0 (0)	1 (4)	0 (0)	2148.289
Depot 4		0 (0)	0 (0)	1 (3)	1 (4)	0 (0)	0 (0)	0 (0)	0 (0)	0 (0)	0 (0)	1 (2)	0 (0)	0 (0)	0 (0)	0 (0)	2120.184
Depot 2		0 (0)	0 (0)	0 (0)	0 (0)	1 (3)	1 (2)	0 (0)	0 (0)	0 (0)	0 (0)	0 (0)	0 (0)	0 (0)	0 (0)	0 (0)	2035.907
Depot 4		0 (0)	0 (0)	0 (0)	0 (0)	0 (0)	0 (0)	0 (0)	0 (0)	0 (0)	0 (0)	1 (2)	1 (5)	1 (3)	0 (0)	1 (4)	3033.101
Depot 1		0 (0)	0 (0)	0 (0)	1 (4)	0 (0)	0 (0)	0 (0)	1 (2)	0 (0)	1 (3)	0 (0)	0 (0)	0 (0)	0 (0)	0 (0)	2301.909
Depot 2		0 (0)	1 (2)	0 (0)	0 (0)	0 (0)	0 (0)	0 (0)	1 (3)	0 (0)	0 (0)	0 (0)	0 (0)	0 (0)	0 (0)	0 (0)	2090.886
Depot 4		0 (0)	0 (0)	0 (0)	0 (0)	0 (0)	1 (2)	0 (0)	0 (0)	0 (0)	0 (0)	1 (3)	0 (0)	0 (0)	1 (4)	0 (0)	2104.690
Depot 2		0 (0)	0 (0)	0 (0)	1 (4)	0 (0)	0 (0)	0 (0)	0 (0)	0 (0)	0 (0)	1 (3)	0 (0)	1 (2)	0 (0)	0 (0)	1614.956
Depot 1		0 (0)	1 (4)	0 (0)	0 (0)	0 (0)	0 (0)	0 (0)	0 (0)	0 (0)	1 (2)	0 (0)	0 (0)	1 (3)	0 (0)	0 (0)	2375.491
Depot 5		0 (0)	0 (0)	0 (0)	0 (0)	0 (0)	0 (0)	0 (0)	0 (0)	0 (0)	1 (3)	1 (2)	1 (4)	1 (5)	0 (0)	0 (0)	2145.318
Depot 3		0 (0)	0 (0)	1 (4)	1 (5)	1 (6)	1 (2)	0 (0)	0 (0)	0 (0)	0 (0)	1 (3)	0 (0)	0 (0)	0 (0)	0 (0)	2872.002
Depot 4		0 (0)	0 (0)	0 (0)	0 (0)	0 (0)	1 (3)	0 (0)	0 (0)	0 (0)	0 (0)	0 (0)	1 (2)	0 (0)	1 (4)	0 (0)	2866.657
Depot 2		0 (0)	0 (0)	0 (0)	0 (0)	0 (0)	0 (0)	1 (6)	1 (4)	1 (5)	1 (2)	0 (0)	1 (3)	0 (0)	0 (0)	0 (0)	3182.713
Depot 4		1 (4)	0 (0)	0 (0)	0 (0)	0 (0)	1 (2)	0 (0)	0 (0)	0 (0)	0 (0)	1 (3)	0 (0)	0 (0)	0 (0)	0 (0)	2580.985
Depot 2		0 (0)	0 (0)	0 (0)	0 (0)	1 (4)	0 (0)	0 (0)	0 (0)	1 (3)	0 (0)	0 (0)	1 (2)	0 (0)	0 (0)	0 (0)	2398.113
